{
 "cells": [
  {
   "cell_type": "code",
   "execution_count": 3,
   "id": "132d7b94",
   "metadata": {},
   "outputs": [
    {
     "name": "stdout",
     "output_type": "stream",
     "text": [
      "Correlation Matrix 1:\n"
     ]
    },
    {
     "data": {
      "text/html": [
       "<div>\n",
       "<style scoped>\n",
       "    .dataframe tbody tr th:only-of-type {\n",
       "        vertical-align: middle;\n",
       "    }\n",
       "\n",
       "    .dataframe tbody tr th {\n",
       "        vertical-align: top;\n",
       "    }\n",
       "\n",
       "    .dataframe thead th {\n",
       "        text-align: right;\n",
       "    }\n",
       "</style>\n",
       "<table border=\"1\" class=\"dataframe\">\n",
       "  <thead>\n",
       "    <tr style=\"text-align: right;\">\n",
       "      <th></th>\n",
       "      <th>bladder</th>\n",
       "      <th>breast_cancer</th>\n",
       "      <th>cervical</th>\n",
       "      <th>head n neck</th>\n",
       "      <th>KIRC</th>\n",
       "      <th>KIRP</th>\n",
       "      <th>LUAD</th>\n",
       "      <th>LUSC</th>\n",
       "      <th>PRAD</th>\n",
       "      <th>STAD</th>\n",
       "      <th>THCA</th>\n",
       "      <th>UCEC</th>\n",
       "    </tr>\n",
       "  </thead>\n",
       "  <tbody>\n",
       "    <tr>\n",
       "      <th>bladder</th>\n",
       "      <td>1.000000</td>\n",
       "      <td>0.599523</td>\n",
       "      <td>0.634296</td>\n",
       "      <td>0.963368</td>\n",
       "      <td>0.725427</td>\n",
       "      <td>0.342192</td>\n",
       "      <td>0.862249</td>\n",
       "      <td>0.690401</td>\n",
       "      <td>0.895310</td>\n",
       "      <td>0.957167</td>\n",
       "      <td>0.404031</td>\n",
       "      <td>0.655229</td>\n",
       "    </tr>\n",
       "    <tr>\n",
       "      <th>breast_cancer</th>\n",
       "      <td>0.599523</td>\n",
       "      <td>1.000000</td>\n",
       "      <td>0.817857</td>\n",
       "      <td>0.436347</td>\n",
       "      <td>0.819293</td>\n",
       "      <td>0.794081</td>\n",
       "      <td>0.761040</td>\n",
       "      <td>0.841805</td>\n",
       "      <td>0.451565</td>\n",
       "      <td>0.455907</td>\n",
       "      <td>0.781363</td>\n",
       "      <td>0.896039</td>\n",
       "    </tr>\n",
       "    <tr>\n",
       "      <th>cervical</th>\n",
       "      <td>0.634296</td>\n",
       "      <td>0.817857</td>\n",
       "      <td>1.000000</td>\n",
       "      <td>0.520650</td>\n",
       "      <td>0.740528</td>\n",
       "      <td>0.750458</td>\n",
       "      <td>0.880549</td>\n",
       "      <td>0.833315</td>\n",
       "      <td>0.478204</td>\n",
       "      <td>0.528248</td>\n",
       "      <td>0.460994</td>\n",
       "      <td>0.821949</td>\n",
       "    </tr>\n",
       "    <tr>\n",
       "      <th>head n neck</th>\n",
       "      <td>0.963368</td>\n",
       "      <td>0.436347</td>\n",
       "      <td>0.520650</td>\n",
       "      <td>1.000000</td>\n",
       "      <td>0.659066</td>\n",
       "      <td>0.246662</td>\n",
       "      <td>0.790977</td>\n",
       "      <td>0.537158</td>\n",
       "      <td>0.917496</td>\n",
       "      <td>0.992209</td>\n",
       "      <td>0.309508</td>\n",
       "      <td>0.510117</td>\n",
       "    </tr>\n",
       "    <tr>\n",
       "      <th>KIRC</th>\n",
       "      <td>0.725427</td>\n",
       "      <td>0.819293</td>\n",
       "      <td>0.740528</td>\n",
       "      <td>0.659066</td>\n",
       "      <td>1.000000</td>\n",
       "      <td>0.729723</td>\n",
       "      <td>0.778040</td>\n",
       "      <td>0.725342</td>\n",
       "      <td>0.758492</td>\n",
       "      <td>0.686506</td>\n",
       "      <td>0.761811</td>\n",
       "      <td>0.834949</td>\n",
       "    </tr>\n",
       "    <tr>\n",
       "      <th>KIRP</th>\n",
       "      <td>0.342192</td>\n",
       "      <td>0.794081</td>\n",
       "      <td>0.750458</td>\n",
       "      <td>0.246662</td>\n",
       "      <td>0.729723</td>\n",
       "      <td>1.000000</td>\n",
       "      <td>0.536186</td>\n",
       "      <td>0.618880</td>\n",
       "      <td>0.234074</td>\n",
       "      <td>0.271270</td>\n",
       "      <td>0.713086</td>\n",
       "      <td>0.697043</td>\n",
       "    </tr>\n",
       "    <tr>\n",
       "      <th>LUAD</th>\n",
       "      <td>0.862249</td>\n",
       "      <td>0.761040</td>\n",
       "      <td>0.880549</td>\n",
       "      <td>0.790977</td>\n",
       "      <td>0.778040</td>\n",
       "      <td>0.536186</td>\n",
       "      <td>1.000000</td>\n",
       "      <td>0.832479</td>\n",
       "      <td>0.762357</td>\n",
       "      <td>0.791001</td>\n",
       "      <td>0.475722</td>\n",
       "      <td>0.785303</td>\n",
       "    </tr>\n",
       "    <tr>\n",
       "      <th>LUSC</th>\n",
       "      <td>0.690401</td>\n",
       "      <td>0.841805</td>\n",
       "      <td>0.833315</td>\n",
       "      <td>0.537158</td>\n",
       "      <td>0.725342</td>\n",
       "      <td>0.618880</td>\n",
       "      <td>0.832479</td>\n",
       "      <td>1.000000</td>\n",
       "      <td>0.485356</td>\n",
       "      <td>0.536082</td>\n",
       "      <td>0.645129</td>\n",
       "      <td>0.752578</td>\n",
       "    </tr>\n",
       "    <tr>\n",
       "      <th>PRAD</th>\n",
       "      <td>0.895310</td>\n",
       "      <td>0.451565</td>\n",
       "      <td>0.478204</td>\n",
       "      <td>0.917496</td>\n",
       "      <td>0.758492</td>\n",
       "      <td>0.234074</td>\n",
       "      <td>0.762357</td>\n",
       "      <td>0.485356</td>\n",
       "      <td>1.000000</td>\n",
       "      <td>0.928102</td>\n",
       "      <td>0.380546</td>\n",
       "      <td>0.594417</td>\n",
       "    </tr>\n",
       "    <tr>\n",
       "      <th>STAD</th>\n",
       "      <td>0.957167</td>\n",
       "      <td>0.455907</td>\n",
       "      <td>0.528248</td>\n",
       "      <td>0.992209</td>\n",
       "      <td>0.686506</td>\n",
       "      <td>0.271270</td>\n",
       "      <td>0.791001</td>\n",
       "      <td>0.536082</td>\n",
       "      <td>0.928102</td>\n",
       "      <td>1.000000</td>\n",
       "      <td>0.358905</td>\n",
       "      <td>0.547637</td>\n",
       "    </tr>\n",
       "    <tr>\n",
       "      <th>THCA</th>\n",
       "      <td>0.404031</td>\n",
       "      <td>0.781363</td>\n",
       "      <td>0.460994</td>\n",
       "      <td>0.309508</td>\n",
       "      <td>0.761811</td>\n",
       "      <td>0.713086</td>\n",
       "      <td>0.475722</td>\n",
       "      <td>0.645129</td>\n",
       "      <td>0.380546</td>\n",
       "      <td>0.358905</td>\n",
       "      <td>1.000000</td>\n",
       "      <td>0.691314</td>\n",
       "    </tr>\n",
       "    <tr>\n",
       "      <th>UCEC</th>\n",
       "      <td>0.655229</td>\n",
       "      <td>0.896039</td>\n",
       "      <td>0.821949</td>\n",
       "      <td>0.510117</td>\n",
       "      <td>0.834949</td>\n",
       "      <td>0.697043</td>\n",
       "      <td>0.785303</td>\n",
       "      <td>0.752578</td>\n",
       "      <td>0.594417</td>\n",
       "      <td>0.547637</td>\n",
       "      <td>0.691314</td>\n",
       "      <td>1.000000</td>\n",
       "    </tr>\n",
       "  </tbody>\n",
       "</table>\n",
       "</div>"
      ],
      "text/plain": [
       "                bladder  breast_cancer  cervical  head n neck      KIRC  \\\n",
       "bladder        1.000000       0.599523  0.634296     0.963368  0.725427   \n",
       "breast_cancer  0.599523       1.000000  0.817857     0.436347  0.819293   \n",
       "cervical       0.634296       0.817857  1.000000     0.520650  0.740528   \n",
       "head n neck    0.963368       0.436347  0.520650     1.000000  0.659066   \n",
       "KIRC           0.725427       0.819293  0.740528     0.659066  1.000000   \n",
       "KIRP           0.342192       0.794081  0.750458     0.246662  0.729723   \n",
       "LUAD           0.862249       0.761040  0.880549     0.790977  0.778040   \n",
       "LUSC           0.690401       0.841805  0.833315     0.537158  0.725342   \n",
       "PRAD           0.895310       0.451565  0.478204     0.917496  0.758492   \n",
       "STAD           0.957167       0.455907  0.528248     0.992209  0.686506   \n",
       "THCA           0.404031       0.781363  0.460994     0.309508  0.761811   \n",
       "UCEC           0.655229       0.896039  0.821949     0.510117  0.834949   \n",
       "\n",
       "                   KIRP      LUAD      LUSC      PRAD      STAD      THCA  \\\n",
       "bladder        0.342192  0.862249  0.690401  0.895310  0.957167  0.404031   \n",
       "breast_cancer  0.794081  0.761040  0.841805  0.451565  0.455907  0.781363   \n",
       "cervical       0.750458  0.880549  0.833315  0.478204  0.528248  0.460994   \n",
       "head n neck    0.246662  0.790977  0.537158  0.917496  0.992209  0.309508   \n",
       "KIRC           0.729723  0.778040  0.725342  0.758492  0.686506  0.761811   \n",
       "KIRP           1.000000  0.536186  0.618880  0.234074  0.271270  0.713086   \n",
       "LUAD           0.536186  1.000000  0.832479  0.762357  0.791001  0.475722   \n",
       "LUSC           0.618880  0.832479  1.000000  0.485356  0.536082  0.645129   \n",
       "PRAD           0.234074  0.762357  0.485356  1.000000  0.928102  0.380546   \n",
       "STAD           0.271270  0.791001  0.536082  0.928102  1.000000  0.358905   \n",
       "THCA           0.713086  0.475722  0.645129  0.380546  0.358905  1.000000   \n",
       "UCEC           0.697043  0.785303  0.752578  0.594417  0.547637  0.691314   \n",
       "\n",
       "                   UCEC  \n",
       "bladder        0.655229  \n",
       "breast_cancer  0.896039  \n",
       "cervical       0.821949  \n",
       "head n neck    0.510117  \n",
       "KIRC           0.834949  \n",
       "KIRP           0.697043  \n",
       "LUAD           0.785303  \n",
       "LUSC           0.752578  \n",
       "PRAD           0.594417  \n",
       "STAD           0.547637  \n",
       "THCA           0.691314  \n",
       "UCEC           1.000000  "
      ]
     },
     "metadata": {},
     "output_type": "display_data"
    },
    {
     "data": {
      "text/html": [
       "<div>\n",
       "<style scoped>\n",
       "    .dataframe tbody tr th:only-of-type {\n",
       "        vertical-align: middle;\n",
       "    }\n",
       "\n",
       "    .dataframe tbody tr th {\n",
       "        vertical-align: top;\n",
       "    }\n",
       "\n",
       "    .dataframe thead th {\n",
       "        text-align: right;\n",
       "    }\n",
       "</style>\n",
       "<table border=\"1\" class=\"dataframe\">\n",
       "  <thead>\n",
       "    <tr style=\"text-align: right;\">\n",
       "      <th></th>\n",
       "      <th>UCEC</th>\n",
       "    </tr>\n",
       "  </thead>\n",
       "  <tbody>\n",
       "    <tr>\n",
       "      <th>bladder</th>\n",
       "      <td>0.655229</td>\n",
       "    </tr>\n",
       "    <tr>\n",
       "      <th>breast_cancer</th>\n",
       "      <td>0.896039</td>\n",
       "    </tr>\n",
       "    <tr>\n",
       "      <th>cervical</th>\n",
       "      <td>0.821949</td>\n",
       "    </tr>\n",
       "    <tr>\n",
       "      <th>head n neck</th>\n",
       "      <td>0.510117</td>\n",
       "    </tr>\n",
       "    <tr>\n",
       "      <th>KIRC</th>\n",
       "      <td>0.834949</td>\n",
       "    </tr>\n",
       "    <tr>\n",
       "      <th>KIRP</th>\n",
       "      <td>0.697043</td>\n",
       "    </tr>\n",
       "    <tr>\n",
       "      <th>LUAD</th>\n",
       "      <td>0.785303</td>\n",
       "    </tr>\n",
       "    <tr>\n",
       "      <th>LUSC</th>\n",
       "      <td>0.752578</td>\n",
       "    </tr>\n",
       "    <tr>\n",
       "      <th>PRAD</th>\n",
       "      <td>0.594417</td>\n",
       "    </tr>\n",
       "    <tr>\n",
       "      <th>STAD</th>\n",
       "      <td>0.547637</td>\n",
       "    </tr>\n",
       "    <tr>\n",
       "      <th>THCA</th>\n",
       "      <td>0.691314</td>\n",
       "    </tr>\n",
       "    <tr>\n",
       "      <th>UCEC</th>\n",
       "      <td>1.000000</td>\n",
       "    </tr>\n",
       "  </tbody>\n",
       "</table>\n",
       "</div>"
      ],
      "text/plain": [
       "                   UCEC\n",
       "bladder        0.655229\n",
       "breast_cancer  0.896039\n",
       "cervical       0.821949\n",
       "head n neck    0.510117\n",
       "KIRC           0.834949\n",
       "KIRP           0.697043\n",
       "LUAD           0.785303\n",
       "LUSC           0.752578\n",
       "PRAD           0.594417\n",
       "STAD           0.547637\n",
       "THCA           0.691314\n",
       "UCEC           1.000000"
      ]
     },
     "metadata": {},
     "output_type": "display_data"
    },
    {
     "name": "stdout",
     "output_type": "stream",
     "text": [
      "\n",
      "Correlation Matrix 2:\n"
     ]
    },
    {
     "data": {
      "text/html": [
       "<div>\n",
       "<style scoped>\n",
       "    .dataframe tbody tr th:only-of-type {\n",
       "        vertical-align: middle;\n",
       "    }\n",
       "\n",
       "    .dataframe tbody tr th {\n",
       "        vertical-align: top;\n",
       "    }\n",
       "\n",
       "    .dataframe thead th {\n",
       "        text-align: right;\n",
       "    }\n",
       "</style>\n",
       "<table border=\"1\" class=\"dataframe\">\n",
       "  <thead>\n",
       "    <tr style=\"text-align: right;\">\n",
       "      <th></th>\n",
       "      <th>bladder</th>\n",
       "      <th>breast_cancer</th>\n",
       "      <th>cervical</th>\n",
       "      <th>head n neck</th>\n",
       "      <th>KIRC</th>\n",
       "      <th>KIRP</th>\n",
       "      <th>LUAD</th>\n",
       "      <th>LUSC</th>\n",
       "      <th>PRAD</th>\n",
       "      <th>STAD</th>\n",
       "      <th>THCA</th>\n",
       "      <th>UCEC</th>\n",
       "    </tr>\n",
       "  </thead>\n",
       "  <tbody>\n",
       "    <tr>\n",
       "      <th>bladder</th>\n",
       "      <td>1.000000</td>\n",
       "      <td>0.212732</td>\n",
       "      <td>0.589067</td>\n",
       "      <td>0.149967</td>\n",
       "      <td>0.162164</td>\n",
       "      <td>0.326079</td>\n",
       "      <td>0.665509</td>\n",
       "      <td>0.255758</td>\n",
       "      <td>0.996032</td>\n",
       "      <td>0.963659</td>\n",
       "      <td>0.672036</td>\n",
       "      <td>0.869132</td>\n",
       "    </tr>\n",
       "    <tr>\n",
       "      <th>breast_cancer</th>\n",
       "      <td>0.212732</td>\n",
       "      <td>1.000000</td>\n",
       "      <td>0.863513</td>\n",
       "      <td>0.931682</td>\n",
       "      <td>0.872940</td>\n",
       "      <td>0.366644</td>\n",
       "      <td>0.847675</td>\n",
       "      <td>0.947829</td>\n",
       "      <td>0.284830</td>\n",
       "      <td>0.317559</td>\n",
       "      <td>0.826725</td>\n",
       "      <td>0.333219</td>\n",
       "    </tr>\n",
       "    <tr>\n",
       "      <th>cervical</th>\n",
       "      <td>0.589067</td>\n",
       "      <td>0.863513</td>\n",
       "      <td>1.000000</td>\n",
       "      <td>0.885528</td>\n",
       "      <td>0.735477</td>\n",
       "      <td>0.294024</td>\n",
       "      <td>0.975662</td>\n",
       "      <td>0.896586</td>\n",
       "      <td>0.645493</td>\n",
       "      <td>0.634084</td>\n",
       "      <td>0.910494</td>\n",
       "      <td>0.631045</td>\n",
       "    </tr>\n",
       "    <tr>\n",
       "      <th>head n neck</th>\n",
       "      <td>0.149967</td>\n",
       "      <td>0.931682</td>\n",
       "      <td>0.885528</td>\n",
       "      <td>1.000000</td>\n",
       "      <td>0.808541</td>\n",
       "      <td>0.181031</td>\n",
       "      <td>0.809941</td>\n",
       "      <td>0.954687</td>\n",
       "      <td>0.220799</td>\n",
       "      <td>0.223279</td>\n",
       "      <td>0.727526</td>\n",
       "      <td>0.279772</td>\n",
       "    </tr>\n",
       "    <tr>\n",
       "      <th>KIRC</th>\n",
       "      <td>0.162164</td>\n",
       "      <td>0.872940</td>\n",
       "      <td>0.735477</td>\n",
       "      <td>0.808541</td>\n",
       "      <td>1.000000</td>\n",
       "      <td>0.693256</td>\n",
       "      <td>0.709959</td>\n",
       "      <td>0.795664</td>\n",
       "      <td>0.225755</td>\n",
       "      <td>0.274682</td>\n",
       "      <td>0.755754</td>\n",
       "      <td>0.461262</td>\n",
       "    </tr>\n",
       "    <tr>\n",
       "      <th>KIRP</th>\n",
       "      <td>0.326079</td>\n",
       "      <td>0.366644</td>\n",
       "      <td>0.294024</td>\n",
       "      <td>0.181031</td>\n",
       "      <td>0.693256</td>\n",
       "      <td>1.000000</td>\n",
       "      <td>0.343165</td>\n",
       "      <td>0.245074</td>\n",
       "      <td>0.343807</td>\n",
       "      <td>0.404890</td>\n",
       "      <td>0.518588</td>\n",
       "      <td>0.626192</td>\n",
       "    </tr>\n",
       "    <tr>\n",
       "      <th>LUAD</th>\n",
       "      <td>0.665509</td>\n",
       "      <td>0.847675</td>\n",
       "      <td>0.975662</td>\n",
       "      <td>0.809941</td>\n",
       "      <td>0.709959</td>\n",
       "      <td>0.343165</td>\n",
       "      <td>1.000000</td>\n",
       "      <td>0.856912</td>\n",
       "      <td>0.719478</td>\n",
       "      <td>0.716984</td>\n",
       "      <td>0.955096</td>\n",
       "      <td>0.676589</td>\n",
       "    </tr>\n",
       "    <tr>\n",
       "      <th>LUSC</th>\n",
       "      <td>0.255758</td>\n",
       "      <td>0.947829</td>\n",
       "      <td>0.896586</td>\n",
       "      <td>0.954687</td>\n",
       "      <td>0.795664</td>\n",
       "      <td>0.245074</td>\n",
       "      <td>0.856912</td>\n",
       "      <td>1.000000</td>\n",
       "      <td>0.326241</td>\n",
       "      <td>0.344390</td>\n",
       "      <td>0.791147</td>\n",
       "      <td>0.350942</td>\n",
       "    </tr>\n",
       "    <tr>\n",
       "      <th>PRAD</th>\n",
       "      <td>0.996032</td>\n",
       "      <td>0.284830</td>\n",
       "      <td>0.645493</td>\n",
       "      <td>0.220799</td>\n",
       "      <td>0.225755</td>\n",
       "      <td>0.343807</td>\n",
       "      <td>0.719478</td>\n",
       "      <td>0.326241</td>\n",
       "      <td>1.000000</td>\n",
       "      <td>0.976378</td>\n",
       "      <td>0.723349</td>\n",
       "      <td>0.880459</td>\n",
       "    </tr>\n",
       "    <tr>\n",
       "      <th>STAD</th>\n",
       "      <td>0.963659</td>\n",
       "      <td>0.317559</td>\n",
       "      <td>0.634084</td>\n",
       "      <td>0.223279</td>\n",
       "      <td>0.274682</td>\n",
       "      <td>0.404890</td>\n",
       "      <td>0.716984</td>\n",
       "      <td>0.344390</td>\n",
       "      <td>0.976378</td>\n",
       "      <td>1.000000</td>\n",
       "      <td>0.738161</td>\n",
       "      <td>0.874500</td>\n",
       "    </tr>\n",
       "    <tr>\n",
       "      <th>THCA</th>\n",
       "      <td>0.672036</td>\n",
       "      <td>0.826725</td>\n",
       "      <td>0.910494</td>\n",
       "      <td>0.727526</td>\n",
       "      <td>0.755754</td>\n",
       "      <td>0.518588</td>\n",
       "      <td>0.955096</td>\n",
       "      <td>0.791147</td>\n",
       "      <td>0.723349</td>\n",
       "      <td>0.738161</td>\n",
       "      <td>1.000000</td>\n",
       "      <td>0.707618</td>\n",
       "    </tr>\n",
       "    <tr>\n",
       "      <th>UCEC</th>\n",
       "      <td>0.869132</td>\n",
       "      <td>0.333219</td>\n",
       "      <td>0.631045</td>\n",
       "      <td>0.279772</td>\n",
       "      <td>0.461262</td>\n",
       "      <td>0.626192</td>\n",
       "      <td>0.676589</td>\n",
       "      <td>0.350942</td>\n",
       "      <td>0.880459</td>\n",
       "      <td>0.874500</td>\n",
       "      <td>0.707618</td>\n",
       "      <td>1.000000</td>\n",
       "    </tr>\n",
       "  </tbody>\n",
       "</table>\n",
       "</div>"
      ],
      "text/plain": [
       "                bladder  breast_cancer  cervical  head n neck      KIRC  \\\n",
       "bladder        1.000000       0.212732  0.589067     0.149967  0.162164   \n",
       "breast_cancer  0.212732       1.000000  0.863513     0.931682  0.872940   \n",
       "cervical       0.589067       0.863513  1.000000     0.885528  0.735477   \n",
       "head n neck    0.149967       0.931682  0.885528     1.000000  0.808541   \n",
       "KIRC           0.162164       0.872940  0.735477     0.808541  1.000000   \n",
       "KIRP           0.326079       0.366644  0.294024     0.181031  0.693256   \n",
       "LUAD           0.665509       0.847675  0.975662     0.809941  0.709959   \n",
       "LUSC           0.255758       0.947829  0.896586     0.954687  0.795664   \n",
       "PRAD           0.996032       0.284830  0.645493     0.220799  0.225755   \n",
       "STAD           0.963659       0.317559  0.634084     0.223279  0.274682   \n",
       "THCA           0.672036       0.826725  0.910494     0.727526  0.755754   \n",
       "UCEC           0.869132       0.333219  0.631045     0.279772  0.461262   \n",
       "\n",
       "                   KIRP      LUAD      LUSC      PRAD      STAD      THCA  \\\n",
       "bladder        0.326079  0.665509  0.255758  0.996032  0.963659  0.672036   \n",
       "breast_cancer  0.366644  0.847675  0.947829  0.284830  0.317559  0.826725   \n",
       "cervical       0.294024  0.975662  0.896586  0.645493  0.634084  0.910494   \n",
       "head n neck    0.181031  0.809941  0.954687  0.220799  0.223279  0.727526   \n",
       "KIRC           0.693256  0.709959  0.795664  0.225755  0.274682  0.755754   \n",
       "KIRP           1.000000  0.343165  0.245074  0.343807  0.404890  0.518588   \n",
       "LUAD           0.343165  1.000000  0.856912  0.719478  0.716984  0.955096   \n",
       "LUSC           0.245074  0.856912  1.000000  0.326241  0.344390  0.791147   \n",
       "PRAD           0.343807  0.719478  0.326241  1.000000  0.976378  0.723349   \n",
       "STAD           0.404890  0.716984  0.344390  0.976378  1.000000  0.738161   \n",
       "THCA           0.518588  0.955096  0.791147  0.723349  0.738161  1.000000   \n",
       "UCEC           0.626192  0.676589  0.350942  0.880459  0.874500  0.707618   \n",
       "\n",
       "                   UCEC  \n",
       "bladder        0.869132  \n",
       "breast_cancer  0.333219  \n",
       "cervical       0.631045  \n",
       "head n neck    0.279772  \n",
       "KIRC           0.461262  \n",
       "KIRP           0.626192  \n",
       "LUAD           0.676589  \n",
       "LUSC           0.350942  \n",
       "PRAD           0.880459  \n",
       "STAD           0.874500  \n",
       "THCA           0.707618  \n",
       "UCEC           1.000000  "
      ]
     },
     "metadata": {},
     "output_type": "display_data"
    },
    {
     "data": {
      "text/html": [
       "<div>\n",
       "<style scoped>\n",
       "    .dataframe tbody tr th:only-of-type {\n",
       "        vertical-align: middle;\n",
       "    }\n",
       "\n",
       "    .dataframe tbody tr th {\n",
       "        vertical-align: top;\n",
       "    }\n",
       "\n",
       "    .dataframe thead th {\n",
       "        text-align: right;\n",
       "    }\n",
       "</style>\n",
       "<table border=\"1\" class=\"dataframe\">\n",
       "  <thead>\n",
       "    <tr style=\"text-align: right;\">\n",
       "      <th></th>\n",
       "      <th>UCEC</th>\n",
       "    </tr>\n",
       "  </thead>\n",
       "  <tbody>\n",
       "    <tr>\n",
       "      <th>bladder</th>\n",
       "      <td>0.869132</td>\n",
       "    </tr>\n",
       "    <tr>\n",
       "      <th>breast_cancer</th>\n",
       "      <td>0.333219</td>\n",
       "    </tr>\n",
       "    <tr>\n",
       "      <th>cervical</th>\n",
       "      <td>0.631045</td>\n",
       "    </tr>\n",
       "    <tr>\n",
       "      <th>head n neck</th>\n",
       "      <td>0.279772</td>\n",
       "    </tr>\n",
       "    <tr>\n",
       "      <th>KIRC</th>\n",
       "      <td>0.461262</td>\n",
       "    </tr>\n",
       "    <tr>\n",
       "      <th>KIRP</th>\n",
       "      <td>0.626192</td>\n",
       "    </tr>\n",
       "    <tr>\n",
       "      <th>LUAD</th>\n",
       "      <td>0.676589</td>\n",
       "    </tr>\n",
       "    <tr>\n",
       "      <th>LUSC</th>\n",
       "      <td>0.350942</td>\n",
       "    </tr>\n",
       "    <tr>\n",
       "      <th>PRAD</th>\n",
       "      <td>0.880459</td>\n",
       "    </tr>\n",
       "    <tr>\n",
       "      <th>STAD</th>\n",
       "      <td>0.874500</td>\n",
       "    </tr>\n",
       "    <tr>\n",
       "      <th>THCA</th>\n",
       "      <td>0.707618</td>\n",
       "    </tr>\n",
       "    <tr>\n",
       "      <th>UCEC</th>\n",
       "      <td>1.000000</td>\n",
       "    </tr>\n",
       "  </tbody>\n",
       "</table>\n",
       "</div>"
      ],
      "text/plain": [
       "                   UCEC\n",
       "bladder        0.869132\n",
       "breast_cancer  0.333219\n",
       "cervical       0.631045\n",
       "head n neck    0.279772\n",
       "KIRC           0.461262\n",
       "KIRP           0.626192\n",
       "LUAD           0.676589\n",
       "LUSC           0.350942\n",
       "PRAD           0.880459\n",
       "STAD           0.874500\n",
       "THCA           0.707618\n",
       "UCEC           1.000000"
      ]
     },
     "metadata": {},
     "output_type": "display_data"
    },
    {
     "data": {
